9	Arabella Carabetta	1	1	34	Bella	3	6	5	5	1	1	1	6	16	5	4	8	0.1264090499	0.4857007074	0.4896361903	0.9134853758	0.0247145017	0.3532361571	0.4507844363	0.4832314363	0.5236987919	0.9583876200	0.6448512986	\N	2	4	4	3	\N
12	Berenice Scionti	1	1	45	\N	3	6	3	5	0	0	1	\N	25	34	4	6	0.6101615207	0.6675358741	0.8899881951	0.4494264173	0.1851166862	0.0845027747	0.1782031047	0.5463085046	0.2911942720	0.7405388652	0.5544406378	\N	3	3	3	1	\N
13	Blaga Gavrilova Valova	1	8	28	\N	1	6	2	5	2	0	1	38	11	32	7	3	0.2604226328	0.3863856837	0.7383555691	0.2829705931	0.0029631270	0.9079349051	0.1949980041	0.5749043692	0.4311610144	0.8001747227	0.2257171696	\N	3	5	5	3	\N
18	Dëlirana Bardha	1	2	27	Deli	3	6	4	5	1	1	1	4	6	34	15	10	0.1247109981	0.3735706586	0.8206397497	0.8935311046	0.0732739150	0.3651974761	0.7026222103	0.6022583034	0.1934726640	0.7252639816	0.9301174170	\N	1	4	4	1	\N
23	Gabor Losito	2	6	40	\N	3	6	2	4	0	0	2	19	11	5	10	3	0.5647335546	0.5801101132	0.9353948895	0.2691304702	0.4123401576	0.1463880300	0.1746036237	0.9922270450	0.1132690412	0.6747169594	0.4112137089	\N	3	3	3	1	\N
39	Rivka Guzzetta	1	6	18	\N	3	4	5	6	2	1	1	17	28	27	1	8	0.5766272202	0.2231838803	0.1377855745	0.9342223085	0.6674952250	0.9770978552	0.2389503062	0.2225385042	0.4534471583	0.6084742826	0.1153891584	\N	1	5	5	1	\N
41	Samanta Orlandini	1	1	45	\N	3	6	3	5	2	1	2	\N	25	14	7	9	0.6450336781	0.6579000289	0.6222895237	0.5585224425	0.1807498952	0.8315422316	0.7418443323	0.8618781496	0.1016344326	0.8550616740	0.3972894761	\N	2	5	5	3	\N
42	Silvain De Villiers	2	9	9	\N	1	6	2	5	0	0	1	8	16	34	13	9	0.3987979319	0.0866842513	0.4829383725	0.2985331814	0.0271531572	0.0317142362	0.4558615547	0.5179811054	0.9941166800	0.6812857345	0.4367762786	\N	2	3	3	1	\N
43	Stella Santarsiero	1	1	50	\N	3	4	4	5	0	2	1	33	25	30	1	4	0.7886451956	0.7368794306	0.2052723630	0.8351425493	0.0964201695	0.0566642423	0.9178243367	0.3090832604	0.2965207073	0.4473760438	0.3884315262	\N	2	3	3	1	\N
44	Tiziana Pergola	1	1	30	\N	3	5	5	5	2	0	1	27	11	11	11	5	0.3478738796	0.4175473295	0.2767691400	0.9034345504	0.1026381523	0.8337077016	0.1239399793	0.5066950501	0.2807830152	0.8717609361	0.9839838539	\N	2	5	5	1	\N
1	Abdellatif El Ouazzani	2	4	12	\N	2	6	2	5	0	0	1	9	6	29	7	1	0.2227828997	0.1359458497	0.5952499765	0.1961393423	0.0249951713	0.3633734109	0.3730381381	0.8324279649	0.2882879655	0.6039346660	0.4234380484	\N	2	3	3	1	\N
2	Adina Rondon	1	6	29	\N	3	6	2	4	1	2	1	\N	6	22	16	4	0.5726580621	0.3985341770	0.8274682975	0.1223161223	0.2743414414	0.4546532378	0.8769993729	0.7880175329	0.4897900992	0.2414221482	0.4155300376	\N	2	4	4	3	\N
4	Alex Giovinazzo	2	1	56	Naso (nariz)	3	4	5	1	2	0	0	\N	15	9	5	4	0.0213974828	0.8428133015	0.1047693481	0.9446817653	0.7275845420	0.9933422364	0.1518231589	0.1052396320	0.1288076012	0.7418908348	0.3486264078	\N	1	5	5	4	\N
6	Antonella Pergola	1	1	7	\N	3	6	3	5	0	1	0	27	11	35	7	5	0.2813203525	0.0716886970	0.5654101916	0.4755314100	0.0161742973	0.0892833391	0.8987606181	0.0099322878	0.9261545202	0.0469162715	0.2820691740	\N	2	3	3	1	\N
8	Appia Romaniello	1	1	57	Papa	3	2	5	5	1	1	1	\N	28	24	7	1	0.0560139625	0.8576086587	0.0130306359	0.9701151871	0.0841756023	0.7951735347	0.6517666180	0.3585919723	0.8051873512	0.8949257123	0.0506931732	\N	2	4	4	3	\N
34	Minhat El Ouazzani	1	4	23	Amico (amigo)	2	3	2	5	1	1	0	9	6	9	13	7	0.0065524805	0.3003457767	0.0517439206	0.0264573003	0.1505760501	0.5064245513	0.6994802820	0.1739544316	0.9310028124	0.5382478531	0.1633250960	\N	2	4	4	2	\N
36	Olimpio Santorelli	2	1	70	\N	3	6	1	5	1	2	1	\N	28	19	12	6	0.9101242062	0.9501102065	0.6747369415	0.5853775542	0.0005782069	0.4279105900	0.9666677814	0.2365425725	0.4621469680	0.3668781462	0.3764041645	\N	1	4	4	3	\N
37	Onofrio Santarsiero	2	1	74	\N	3	4	1	5	0	1	1	33	25	27	6	3	0.9752465009	0.9685036668	0.2495369117	0.4744923932	0.1566132899	0.0505540877	0.2482331425	0.3068891312	0.3311764406	0.2466993568	0.4212210715	\N	3	3	3	1	\N
38	Paola Carabetta	1	1	40	Betta	3	6	5	5	1	1	2	6	16	2	6	8	0.0533893475	0.5757274944	0.8363061001	0.9679319681	0.0328444004	0.6758399439	0.6217082335	0.9104212080	0.8708061813	0.9181082658	0.6439274276	\N	1	4	4	3	\N
79	Naomi Kohn	1	3	27	\N	1	6	2	6	1	1	1	\N	17	27	13	9	0.8116079444	0.3748628533	0.6158734395	0.2572054695	0.6919820440	0.6019465831	0.7988929738	0.3848327796	0.2887766894	0.5224009349	0.0979597612	\N	1	4	4	1	\N
80	Orchidea Lotto	1	1	43	\N	3	6	5	6	1	1	1	20	17	28	15	8	0.9944076267	0.6284857337	0.7744922496	0.9530697987	0.5345076826	0.7760574952	0.4408529783	0.2797029585	0.6777817509	0.1402913834	0.4278662678	\N	1	4	4	3	\N
103	Anastasia Mattaliano	1	1	65	Ana	3	5	1	4	1	2	1	\N	18	16	4	10	0.1237961927	0.9248485564	0.2715377592	0.1684857897	0.2344547695	0.6552734028	0.8605198326	0.4658257749	0.5869657287	0.8617414567	0.2987152642	\N	2	4	4	1	\N
50	Yordan Andreev Valova	2	8	3	\N	1	6	4	5	1	1	1	38	11	10	10	10	0.9544929801	0.0290587419	0.9071765199	0.7828076108	0.1570282054	0.5453435992	0.7133365995	0.8939697979	0.2144816658	0.7557617161	0.2290564582	\N	2	4	4	1	\N
54	Addolorata Mugavero	1	1	74	\N	3	6	1	6	2	1	0	\N	29	30	6	8	0.8191435428	0.9691667975	0.8632683276	0.9501474725	0.4591293208	0.8806889328	0.4875156648	0.0503407957	0.4715009299	0.9544458386	0.5343968222	\N	3	5	5	3	\N
59	Çelike Kochiu	1	2	0	\N	3	6	4	6	0	0	0	18	12	20	3	1	0.5405377956	0.0037634780	0.4605610365	0.6044089257	0.6543188737	0.1448125103	0.1848172607	0.1662778757	0.1853798493	0.4135987262	0.0583357798	\N	1	3	3	2	\N
60	Chahida Al-Jirari	1	4	16	\N	2	5	4	6	1	1	1	\N	29	21	7	6	0.6058848310	0.2023653565	0.3365803436	0.8294236703	0.6266582702	0.7866514009	0.7450163279	0.6444168246	0.5833209634	0.5653742601	0.2807978944	\N	1	4	4	1	\N
61	Çiltor Kochiu	2	2	19	\N	3	6	4	6	1	1	1	18	12	29	3	10	0.7020443698	0.2368779100	0.5425107550	0.7274115267	0.6336940063	0.3522677619	0.2465046336	0.2301673893	0.8911691099	0.3864610400	0.1470653028	\N	3	4	4	3	\N
63	Editta Cozza	1	1	22	\N	3	6	4	6	1	2	1	\N	7	30	15	7	0.7627998113	0.2885893684	0.7595200149	0.7194022569	0.6435956107	0.3786713008	0.8394484186	0.6964603157	0.4701068596	0.3067200619	0.7243442988	\N	1	4	4	1	\N
66	Gabriella Lotto	1	1	46	\N	3	6	4	6	2	1	0	20	17	27	3	10	0.2201493804	0.6809648918	0.5815255861	0.7557797518	0.5974514664	0.8340206426	0.4920727573	0.0695032129	0.5705052393	0.8824731617	0.9042427909	\N	1	5	5	1	\N
68	Genesia Stefani	1	1	35	\N	3	6	2	6	1	1	1	\N	12	26	10	2	0.5053342600	0.5007664197	0.6210203536	0.1765744565	0.4871453606	0.7385247857	0.6099843558	0.6191688583	0.6979281501	0.6098899212	0.9558478810	\N	1	4	4	1	\N
69	Giacinta Forcucci Kochiu	1	1	20	\N	3	4	2	6	0	0	1	18	12	27	3	9	0.5255059089	0.2526647492	0.1511309843	0.1919358630	0.6618873341	0.0540170739	0.0104041628	0.6746192124	0.2273390720	0.6278367284	0.9035843792	\N	1	3	3	1	\N
71	Guerrino Attardo	2	1	4	\N	3	6	2	6	1	0	0	2	7	35	16	7	0.8744408089	0.0371229394	0.6626734812	0.1213960048	0.5706785120	0.6269531260	0.2219589617	0.4058938700	0.9317439740	0.3971490172	0.2056381996	\N	1	4	4	1	\N
73	Ildegarda Penne	1	1	13	Penne	3	5	4	6	0	0	0	26	2	32	1	3	0.1893525941	0.1532587433	0.3919203701	0.7146340645	0.4852591323	0.1100954381	0.2000402193	0.4848922189	0.2950372576	0.6346473107	0.0806590321	\N	1	3	3	1	\N
74	Imelda Maura	1	1	45	\N	3	4	4	6	0	2	1	\N	21	1	4	4	0.2161497585	0.6637882909	0.1997011715	0.7867536918	0.4657614293	0.0440034233	0.8409115289	0.3966386902	0.3566658539	0.1788819890	0.2060001604	\N	1	3	3	3	\N
75	Isabella Balcescu	1	5	59	Isa	1	4	2	6	2	0	1	\N	7	27	15	1	0.0245140341	0.8787365906	0.1051419479	0.0709043353	0.5727255499	0.8373774716	0.1537277463	0.6752350297	0.1842689100	0.1227076858	0.6414958736	\N	1	5	5	1	\N
81	Orchidea Mancini	1	1	21	\N	3	6	2	6	0	1	1	\N	17	11	16	10	0.6473679572	0.2684763227	0.8684635276	0.2230839778	0.6653720275	0.1250042797	0.4159317070	0.3371149214	0.8472902578	0.5269001227	0.9454886218	\N	1	3	3	1	\N
82	Orfeo Agresta	2	1	21	Neto	3	6	3	6	1	1	1	\N	17	25	3	9	0.1893163770	0.2753088459	0.4798744568	0.3445367683	0.6741834711	0.7166828800	0.2280600936	0.3763234006	0.7424964835	0.1289773248	0.6349093470	\N	1	4	4	1	\N
83	Pacomio Basso	2	1	51	\N	3	6	2	6	0	1	1	\N	12	24	4	9	0.4028490601	0.7486101562	0.8556246616	0.1313639604	0.4770589236	0.1948092017	0.7500243318	0.5994081351	0.8078760283	0.5468436908	0.8742642658	\N	3	3	3	2	\N
85	Petar Balcescu	2	5	27	\N	1	6	3	6	0	1	2	3	26	13	2	1	0.2529347411	0.3733217099	0.9853723702	0.4214280694	0.4844729063	0.1667245881	0.5676577910	0.9798454293	0.4245543022	0.3310118069	0.4085945823	\N	1	3	3	2	\N
86	Protasio Petricca	2	1	51	\N	3	6	2	6	1	2	2	28	2	35	14	7	0.2857103530	0.7498553498	0.8044231159	0.1226382478	0.4646515222	0.4291095266	0.9744995318	0.8592634016	0.4257093763	0.6974365903	0.2611091695	\N	1	4	4	1	\N
87	Rodrigo Tito	2	1	30	\N	3	5	5	6	1	1	1	\N	29	11	3	8	0.2877879779	0.4233072945	0.2787239057	0.9565656237	0.5276876575	0.7387933260	0.2378789945	0.3079311963	0.2586745198	0.6091919424	0.1727064881	\N	1	4	4	2	\N
88	Selvaggia Petricca	1	1	79	Nonna (avó)	3	6	1	6	0	2	1	28	2	2	11	3	0.0002322740	0.9953088713	0.5490495720	0.0151764931	0.5368006233	0.0249247307	0.8104276485	0.4823374352	0.4105469508	0.1897687989	0.1875091963	\N	1	3	3	2	\N
90	Sostene Susi	2	1	34	Pieditto (pezinho)	3	6	5	6	0	1	1	\N	29	27	3	5	0.0333645314	0.4852357438	0.8015223624	0.9348074485	0.5137070812	0.1399056750	0.2976116687	0.7897881688	0.6006826696	0.1556652104	0.4912360797	\N	1	3	3	1	\N
91	Tabita Pollio	1	1	52	\N	3	4	5	6	0	1	1	\N	29	31	11	9	0.6085939769	0.7747821906	0.1631520279	0.9387430084	0.5386624082	0.0629322524	0.6141689773	0.5920265249	0.3256443573	0.9296725704	0.3589546215	\N	1	3	3	2	\N
92	Tranquillo Tocco	2	1	35	Tico	3	4	4	6	0	1	1	35	17	22	6	1	0.0018878949	0.5002171371	0.2053699432	0.6110632811	0.5987563546	0.0644142650	0.3673160363	0.2438519582	0.7290333812	0.3748289839	0.2347972609	\N	1	3	3	1	\N
93	Trasea Tocco	1	1	35	\N	3	6	3	6	1	1	1	35	17	21	7	10	0.9129231898	0.5075838012	0.4318713562	0.3565847743	0.6008754063	0.7481318594	0.3996389868	0.3141299470	0.5561453152	0.8722677123	0.2116094712	\N	1	4	4	1	\N
95	Vedasto Penne	2	1	74	\N	3	5	1	6	1	0	1	26	2	3	4	10	0.8049723124	0.9693525483	0.2753724535	0.5963257629	0.6717096797	0.2880988630	0.1029515641	0.2735863876	0.8789602240	0.0871909533	0.6166621249	\N	3	4	4	3	\N
118	El Bachir Toufiq	2	4	41	Piccolo (Pequeno)	2	4	5	4	1	1	1	\N	8	10	12	1	0.1094103205	0.5896898029	0.1382101372	0.9614172623	0.3041100304	0.4832031479	0.3974582912	0.2961043010	0.0669885403	0.5512494556	0.6287351004	\N	2	4	4	2	\N
45	Ulfo Mazzoli	2	1	65	\N	3	3	1	5	1	1	1	\N	28	6	4	1	0.2278640021	0.9247172115	0.0727108826	0.7863170744	0.0424801403	0.3863639978	0.7824377691	0.2437745978	0.2886408995	0.0039054849	0.6691125499	\N	2	4	4	2	\N
46	Ulpian Gjonbalaj	2	2	66	\N	3	5	1	5	1	1	1	16	6	31	7	7	0.5749065636	0.9300250715	0.2847208762	0.8394766056	0.0406083001	0.6471268238	0.3861409771	0.5792941764	0.0539758589	0.1920438277	0.9940219272	\N	3	4	4	1	\N
47	Venusta Trapani	1	1	75	\N	3	6	1	5	0	1	1	36	1	30	13	7	0.8740637692	0.9726031462	0.9353748369	0.1703175491	0.0989543531	0.0878732315	0.3757110841	0.6197506999	0.6218948871	0.8627697800	0.4898297838	\N	2	3	3	3	\N
48	Veselin Vasilov Kostov	2	8	12	\N	1	6	3	5	1	0	0	38	11	16	2	7	0.5710255203	0.1296264304	0.7929054290	0.4861719772	0.1961939647	0.9152779915	0.1836912398	0.1373655505	0.4306211501	0.1571685579	0.8695305155	\N	2	4	4	2	\N
49	Yahel Santulli	1	6	42	\N	3	6	3	2	2	2	1	\N	25	22	2	1	0.9274072901	0.6051336936	0.8487466094	0.3584565218	0.9195715271	0.9593555344	0.8022765455	0.5664447838	0.5380779626	0.9028552432	0.0618676121	\N	2	5	5	1	\N
67	Gelsomina Errante	1	1	10	\N	3	5	4	6	1	0	1	10	21	18	2	9	0.8169022291	0.1014282011	0.2589767019	0.7766781958	0.4643184202	0.5406845240	0.4234648007	0.9546616786	0.5247081085	0.4006684617	0.4843646728	\N	1	4	4	1	\N
26	Isaiah Dona	2	6	34	\N	3	6	2	4	0	1	1	\N	1	20	1	7	0.9436621378	0.4831916459	0.4810389690	0.0242072521	0.4328360827	0.1248506163	0.3152740094	0.7579184676	0.2071580336	0.0292686039	0.9637386133	\N	3	3	3	1	\N
51	Zakwan Laabi	2	4	78	\N	2	6	1	5	1	1	1	\N	39	2	11	9	0.9247933960	0.9880971858	0.5648867361	0.5604146847	0.1240081622	0.3178867115	0.7536970458	0.2248253981	0.8531650500	0.7588153216	0.6852070521	\N	0	4	4	1	\N
52	Zenobia Margo	1	1	12	\N	3	6	2	5	1	1	0	22	6	32	3	2	0.7512294136	0.1374267628	0.8014559415	0.1623579593	0.0879077379	0.9174594010	0.6098770826	0.4691726233	0.4499409550	0.1982048945	0.1459747913	\N	2	4	4	1	\N
53	Acario Caprara	2	1	42	\N	3	5	4	6	1	0	1	\N	17	14	1	9	0.4399597601	0.6166574841	0.3467740154	0.6677493581	0.5740597531	0.6426756194	0.0384197689	0.2826047557	0.6182520662	0.8355663121	0.0885313618	\N	1	4	4	3	\N
55	Albena Ludmilova Todorova	1	8	29	\N	1	6	3	6	2	1	1	\N	2	31	13	4	0.4523214380	0.4108012366	0.4546466518	0.4968637031	0.6859414235	0.8225959132	0.5426399258	0.6572370360	0.7160911504	0.4257769681	0.6679416203	\N	1	5	5	1	\N
56	Alma Burgio	1	1	29	Mabu	3	6	3	6	1	1	1	\N	21	2	3	7	0.0784019962	0.4095430122	0.8767843624	0.3887882985	0.6321708405	0.7619492012	0.3860026995	0.7550490957	0.4935346355	0.8821652598	0.2984573810	\N	1	4	4	1	\N
57	Aurora Lo Tito	1	1	29	\N	3	4	3	6	0	1	0	\N	2	20	12	6	0.5305690813	0.3964286066	0.2250357226	0.5141725755	0.4944956090	0.0024947744	0.5775912031	0.1435746150	0.3089583357	0.8983238676	0.7218832908	\N	1	3	3	1	\N
58	Carina Lotto	1	1	15	Nana	3	1	5	6	1	2	1	20	17	35	3	9	0.0875716266	0.1829331784	0.0019294418	0.9437627691	0.6852854309	0.4906393415	0.9776319101	0.5737825569	0.8933434945	0.3801996350	0.3390090353	\N	1	4	4	3	\N
96	Viktor Zdravkov Ivankov	2	8	23	\N	1	6	4	6	1	1	2	\N	7	20	14	10	0.3397670473	0.3020150623	0.4306975728	0.7223603564	0.6780047196	0.7478669870	0.7889425409	0.8324691650	0.1111655784	0.8668362995	0.6758870524	\N	1	4	4	1	\N
152	Gualberto Villella	2	1	52	Guga	3	6	4	3	2	1	1	\N	32	23	4	10	0.1800947722	0.7650046540	0.4345583569	0.6040087924	0.9099860493	0.8601207001	0.5165483229	0.4517208904	0.1819906408	0.7326423574	0.8539450247	\N	2	5	5	4	\N
5	Ambra Blanda	1	1	15	\N	3	1	3	5	1	2	2	\N	25	22	2	1	0.2891057614	0.1743579964	0.0061152473	0.3540143881	0.1624463703	0.7539195708	0.9700788927	0.8364583332	0.6544315781	0.2707216546	0.3863323313	\N	2	4	4	1	\N
7	Antonio Montreal	2	7	46	Rospo (big frog)	3	6	2	5	0	1	0	\N	39	28	12	2	0.1914905397	0.6732509622	0.7224247228	0.2985454294	0.0403259782	0.0074404096	0.6880807741	0.0582220846	0.9506407110	0.9044632923	0.9836892836	\N	0	3	3	2	\N
10	Arminio Carabetta	2	1	7	\N	3	6	3	5	0	0	0	6	16	34	14	8	0.9531094196	0.0736850427	0.7705490178	0.3188094346	0.1595335261	0.1595512729	0.0690467794	0.0630960844	0.5329869705	0.6699517183	0.2986483740	\N	2	3	3	3	\N
11	Baldo Margo	2	1	45	Cuore Blu (coração azul)	3	6	3	5	1	2	1	22	6	26	4	2	0.0918299624	0.6538596894	0.5069450989	0.3911397557	0.0182089530	0.2177418283	0.9087612491	0.5186203018	0.5252374373	0.8154885876	0.6662286093	\N	2	4	4	1	\N
14	Cain Giachetti	2	6	10	\N	3	6	2	5	1	0	0	14	1	22	4	5	0.6134112932	0.1049263448	0.8290231922	0.1558782633	0.0900386094	0.8833893822	0.0482446812	0.2397336660	0.8432644444	0.3897715454	0.0412739123	\N	2	4	4	1	\N
15	Chanit Losito	1	6	31	\N	3	5	4	5	1	1	0	19	11	6	14	7	0.2974934328	0.4405645690	0.2712793550	0.6320768257	0.0252832445	0.4966823166	0.6358734216	0.0425419845	0.7493975450	0.0643430341	0.5932534307	\N	2	4	4	2	\N
20	Emanuela Carabetta	1	1	2	\N	3	6	3	5	1	0	1	6	16	10	3	5	0.8071304587	0.0228358389	0.9679441091	0.4965163028	0.1528734743	0.7731790520	0.4769558820	0.6245465216	0.8844424350	0.7634032950	0.3209959143	\N	2	4	4	3	\N
17	Dan Losito	2	5	15	Dannito	1	5	4	5	1	1	1	19	11	8	14	1	0.0988380958	0.1774219898	0.3255169930	0.6999020183	0.1660413324	0.3672653236	0.7698015151	0.7528266586	0.9225791600	0.4164981376	0.8155120696	\N	2	4	4	4	\N
19	Elide Pergola	1	1	6	\N	3	6	2	5	1	1	1	27	11	17	11	10	0.3114835651	0.0591682096	0.4136594005	0.1895005145	0.0249218814	0.7158808625	0.5110050159	0.5098742079	0.6708147721	0.7935724505	0.6895371727	\N	2	4	4	1	\N
21	Emilia Maida	1	1	47	Bianca	3	6	4	5	0	0	1	\N	28	20	11	9	0.0214974113	0.6874696047	0.9105250470	0.7384000260	0.1886233143	0.1104220863	0.1262829920	0.6795967936	0.0743765064	0.7811801597	0.8107903229	\N	2	3	3	1	\N
24	Gjelush Bardha	2	2	7	\N	3	5	2	5	1	0	1	4	6	25	13	3	0.7294432457	0.0733671085	0.3874463158	0.0586288040	0.0096293497	0.6702904145	0.1781944186	0.7216323626	0.3475282831	0.9532637267	0.3374377224	\N	2	4	4	3	\N
25	Ilenia Trapani	1	1	78	\N	3	3	1	5	0	1	0	36	28	11	15	2	0.9537862694	0.9918812339	0.0543204645	0.8029626750	0.0322364628	0.0071424162	0.4929491438	0.1729008694	0.6301572026	0.8431025092	0.0729611502	\N	2	3	3	2	\N
29	Liberto Del Gaudio	2	1	54	\N	3	5	4	5	0	1	2	\N	28	18	3	2	0.8972707523	0.8089334122	0.3643890930	0.7357303434	0.0624124644	0.0104460920	0.7182602767	0.8748287046	0.1223729783	0.8079833952	0.1549118295	\N	1	3	3	2	\N
30	Ludovico Pergola	2	1	33	\N	3	5	3	5	1	1	1	27	11	16	3	3	0.9349640254	0.4742885377	0.2860734524	0.4140836811	0.0341475060	0.3400993265	0.5485628132	0.4568457912	0.6857882314	0.2971150009	0.1912834256	\N	1	4	4	1	\N
31	Marina Pergola	1	1	7	Figlita (filinha)	3	6	3	5	0	1	0	27	11	21	11	1	0.1756205211	0.0737391960	0.9549903907	0.3268620835	0.0782482477	0.3981710315	0.8408420707	0.3264834695	0.6848394962	0.3569527610	0.8694406669	\N	2	3	3	1	\N
32	Michaella Mutaki	1	10	39	\N	1	5	3	5	1	1	2	\N	25	31	5	5	0.4285666458	0.5607623803	0.3275687247	0.4850242983	0.1544861132	0.2419901523	0.4200618956	0.8820693152	0.1146427125	0.0520392431	0.0406608090	\N	2	4	4	2	\N
33	Michelle De Villiers	1	9	28	Carota (tall, slim boy)	1	6	3	5	1	1	1	8	16	5	3	3	0.0281057722	0.3934488224	0.6547562967	0.3725564354	0.1668493751	0.6232868992	0.3299429752	0.3453103364	0.0796152251	0.0189564941	0.0767796250	\N	2	4	4	4	\N
40	Romilda Sabina	1	1	28	\N	3	6	2	5	1	0	1	\N	1	8	14	1	0.7208870324	0.3889677625	0.8691268429	0.1690889172	0.1646671322	0.6327192918	0.0019785994	0.3659212767	0.8948690296	0.3774310350	0.6637832745	\N	2	4	4	1	\N
84	Parmenio Martin	2	1	31	\N	3	4	5	6	1	1	1	\N	29	35	13	4	0.7439339489	0.4410597876	0.1038083435	0.9225644076	0.5691581792	0.2242352624	0.7907290608	0.2605266760	0.3863227948	0.2062048791	0.8761277720	\N	3	4	4	1	\N
89	Serafeim Perroulis	2	10	54	Mommo (dumb)	1	6	5	6	0	1	1	\N	40	18	10	7	0.0331635798	0.8019196285	0.8136818791	0.9860009254	0.4707074858	0.1276011429	0.5501686290	0.4170773412	0.1950622340	0.0859483067	0.5365108659	\N	0	3	3	2	\N
94	Urtan Pipa	2	2	47	\N	3	4	4	6	1	1	2	\N	26	1	1	5	0.3851058244	0.6946052332	0.1767666040	0.7742183386	0.4643072891	0.6633058696	0.6949488946	0.8236600169	0.6929565544	0.0132676139	0.4137211226	\N	3	4	4	1	\N
16	Concetta Curro	1	1	28	\N	3	3	3	5	2	2	1	\N	25	23	1	10	0.6480373811	0.3935679438	0.0555678375	0.3258166499	0.1759991945	0.9845962726	0.9262127050	0.3063990300	0.3395024672	0.4733829701	0.9200942107	\N	2	5	5	2	\N
3	Akil Gjonbalaj	2	2	15	Trela	3	6	2	5	2	0	1	16	6	34	11	5	0.1960725124	0.1815749824	0.9371328189	0.1463305976	0.0324770212	0.9262467133	0.0226684364	0.4907849487	0.6610781327	0.9547659351	0.9720542986	\N	3	5	5	1	\N
27	Karmit Giachetti	1	6	56	\N	3	6	2	4	1	2	1	14	1	26	6	4	0.2525776508	0.8373339616	0.5275920812	0.0427272038	0.3043099426	0.2798824522	0.8770028793	0.2811148006	0.3883315224	0.8281061734	0.5783720656	\N	2	4	4	2	\N
28	Levi Giachetti	2	6	42	\N	3	6	2	4	2	0	1	14	1	8	14	5	0.3395773662	0.6188697959	0.6762525551	0.1736772968	0.3108373883	0.8511907417	0.0306806626	0.2343848752	0.4727374254	0.2999243767	0.3565370523	\N	2	5	5	1	\N
35	Mordecai Guzzetta	2	6	27	\N	3	6	5	2	1	1	1	17	28	8	15	8	0.2435653073	0.3677199011	0.9000243683	0.9370958723	0.9817879934	0.4377944645	0.3960478748	0.7764608350	0.3900808672	0.4299625605	0.0943389267	\N	3	4	4	2	\N
97	Zenaide Gotto	2	1	29	Caramella (doce)	3	6	3	6	1	1	1	\N	21	34	2	6	0.0198624297	0.4042731242	0.5785588372	0.3919065018	0.5644199685	0.3123525186	0.2343179221	0.7305011871	0.3597134326	0.2328721130	0.9566271383	\N	1	4	4	1	\N
98	Abdone Patalano	2	1	57	\N	3	6	3	4	2	2	1	25	3	9	5	4	0.6540021496	0.8552647152	0.8991313587	0.5978731991	0.3758355454	0.9760677067	0.8107286785	0.5207251203	0.0794408177	0.9225483656	0.3888460862	\N	2	5	5	3	\N
99	Adolfo Mendolia	2	1	14	\N	3	6	4	4	0	1	0	23	13	16	2	6	0.7879304156	0.1572742626	0.5260921871	0.7508495668	0.2327117895	0.4931799732	0.9950721334	0.3254100872	0.4710382615	0.9182798054	0.7102703993	\N	2	3	3	1	\N
100	Alda Petrucci	1	1	9	\N	3	6	3	4	1	1	0	40	22	25	10	7	0.5871318328	0.0934208301	0.9616651124	0.5365987083	0.3553558469	0.9729179329	0.7780477429	0.4705022830	0.0328550290	0.5309340893	0.2705455058	\N	2	4	4	1	\N
101	Amalia Giannuzzi	1	1	65	lia	3	6	1	4	1	2	1	\N	18	10	13	7	0.0741920530	0.9227327653	0.5104745014	0.9241478525	0.3642022479	0.2585061912	0.8190292035	0.6015588264	0.5872067419	0.6302960651	0.2353146619	\N	2	4	4	4	\N
102	Ana-maria Mocanu	1	5	65	\N	1	6	1	4	1	1	2	24	3	6	14	4	0.7084506629	0.9263640324	0.5739423116	0.5151911780	0.4202893629	0.5388341098	0.3552082716	0.9962835326	0.4010314135	0.5651542135	0.3631179366	\N	2	4	4	2	\N
105	Argo Rega	2	1	28	\N	3	6	2	4	2	0	1	\N	30	35	11	8	0.4348442095	0.3890528997	0.8855701115	0.1710733776	0.4347319535	0.8164176785	0.1170585148	0.7066399013	0.0449566323	0.6943414465	0.9303757244	\N	2	5	5	2	\N
106	Ariele Del Medico	2	1	55	Lila	3	6	3	4	1	0	1	\N	18	13	7	5	0.0776930723	0.8139939208	0.4535897622	0.4043933113	0.2719543039	0.6327206141	0.1024030391	0.4371006847	0.8530127247	0.9278071935	0.9912413295	\N	2	4	4	2	\N
109	Bogdana Ević	1	11	32	\N	1	4	4	4	1	0	2	\N	13	31	7	4	0.2814838814	0.4463938539	0.1681262810	0.7540504785	0.2062687577	0.4268159110	0.1666837391	0.8043655923	0.9951767651	0.8045077324	0.8822523409	\N	1	4	4	2	\N
110	Candido Suozzo	2	1	25	\N	3	5	4	4	2	1	1	\N	13	19	10	2	0.6066255125	0.3418682106	0.2694825335	0.6624301204	0.2405467394	0.9610033619	0.4488441893	0.3638008511	0.8063209731	0.7770934025	0.8347206134	\N	2	5	5	1	\N
111	Carmela Ragucci	1	1	37	Meme	3	6	3	4	1	2	1	31	27	2	14	2	0.1759381730	0.5361310255	0.7537466432	0.5481368653	0.4424456950	0.4442985582	0.9644235738	0.4341016229	0.0687300263	0.2382898625	0.1686183887	\N	2	4	4	4	\N
112	Carmine De Lellis	2	1	22	\N	3	6	2	4	1	1	2	\N	22	30	14	7	0.2134290905	0.2941177828	0.5838964674	0.0231873473	0.4295206229	0.7800628712	0.4523436758	0.9506552597	0.7166966768	0.9939553574	0.4354574606	\N	1	4	4	1	\N
113	Costanzo Petruzzelli	2	1	26	\N	3	4	2	4	1	2	2	29	8	21	15	8	0.4091202102	0.3539110813	0.1557490414	0.1593371559	0.2918133960	0.3642048100	0.8637970365	0.9897473847	0.1368667901	0.4220608333	0.4816651045	\N	2	4	4	3	\N
114	Dalina Schlup	1	12	38	\N	1	6	4	4	1	1	1	\N	18	28	4	5	0.3236267492	0.5432007082	0.5130173037	0.6034916850	0.4409223950	0.7799443004	0.4926162856	0.2609099822	0.3152949494	0.4162920014	0.9614812249	\N	3	4	4	1	\N
115	Delfina Petrucci	1	1	36	\N	3	6	2	4	2	2	1	40	22	23	7	3	0.2244405084	0.5120834721	0.5553416209	0.1798175706	0.3034990007	0.8966765265	0.9870187626	0.7356120675	0.3877315227	0.1081357892	0.8491607632	\N	2	5	5	2	\N
116	Dorin Pîrvulescu	2	5	19	\N	1	3	5	4	1	2	2	\N	3	10	5	2	0.2785080131	0.2427533594	0.0689832307	0.9580942599	0.2335992327	0.6576855241	0.8879791666	0.9998379774	0.7599869719	0.8349510952	0.6110615006	\N	1	4	4	1	\N
117	Durya Salem	1	4	43	\N	2	6	3	4	1	1	1	\N	27	22	16	2	0.9457255274	0.6325496307	0.7100998455	0.3804126793	0.2316945433	0.4638302671	0.3877645120	0.3619535180	0.6513389128	0.2551113168	0.3066834163	\N	2	4	4	2	\N
119	Emilia Beldad	1	7	25	\N	3	6	3	4	1	1	0	39	27	34	13	7	0.8566902922	0.3414915391	0.9103647465	0.3408338937	0.3575616858	0.6180061974	0.5807219064	0.0075958867	0.6604341979	0.2154604383	0.2877757669	\N	2	4	4	2	\N
120	Emmanouil Galaniadis	2	10	44	\N	1	6	5	4	1	1	0	12	8	24	4	2	0.8768566580	0.6428523904	0.4149648800	0.9403366270	0.2265573666	0.2533906168	0.5636906287	0.0649482900	0.5480860251	0.1844136265	0.6982103722	\N	2	4	4	3	\N
121	Eniana Selmani	1	2	69	\N	3	6	1	4	1	1	1	34	35	1	6	7	0.9424405890	0.9446547223	0.9265442649	0.9786374537	0.2629192737	0.6077192687	0.4979782298	0.3376228705	0.3785023063	0.3946983396	0.3418081420	\N	2	4	4	3	\N
122	Ermilo Manera	2	1	77	\N	3	2	1	4	2	1	1	21	3	10	6	9	0.2954330715	0.9841400040	0.0115371682	0.6639740178	0.2816051749	0.8837353534	0.4418077597	0.4152581412	0.8956459281	0.0697005009	0.3879345961	\N	2	5	5	1	\N
124	Esmeralda Dino	1	1	45	\N	3	5	4	4	1	2	0	\N	35	19	3	3	0.2897043484	0.6526031733	0.3402151101	0.7967350399	0.3314509582	0.2090088508	0.8096321245	0.1378058578	0.7018232921	0.7907571727	0.6945402743	\N	2	4	4	1	\N
125	Fernando Beldad	2	7	20	Tappo (short)	3	6	3	4	0	1	1	39	27	10	12	5	0.0384411251	0.2633323141	0.8038471804	0.3026348624	0.2400975744	0.1372281444	0.6258387364	0.3121072925	0.9983951546	0.8413208779	0.7005807633	\N	1	3	3	2	\N
126	Franca Mendolia	1	1	36	\N	3	6	3	4	1	1	1	\N	18	31	4	7	0.2648586315	0.5131687289	0.5161922071	0.4338206700	0.4368434046	0.4859969172	0.7859494762	0.6276937888	0.7045137729	0.5250768117	0.4405262935	\N	2	4	4	1	\N
127	Galatea Petruzzelli	1	1	21	\N	3	5	4	4	2	1	1	29	8	30	2	7	0.8972638488	0.2787485817	0.3663218638	0.7117523136	0.4521811677	0.9374005441	0.6495365507	0.2011802178	0.1950834544	0.2138652151	0.9792332237	\N	3	5	5	3	\N
128	Geldona Selmani	1	2	27	\N	3	4	2	4	1	2	1	34	35	10	11	9	0.4005945675	0.3705164376	0.2363939629	0.0357212062	0.4080816961	0.4264055484	0.8513069419	0.3164288576	0.8987470522	0.2346552863	0.6516846562	\N	2	4	4	1	\N
129	Igino Quercia	2	1	34	\N	3	3	4	4	1	1	2	30	8	11	7	7	0.7330726931	0.4787140296	0.0827316851	0.7698205475	0.3753365240	0.3062110962	0.6558463961	0.8638337677	0.1508692798	0.0354199313	0.8292420083	\N	2	4	4	1	\N
130	Igino Colangelo	2	1	46	Dolia	3	4	2	4	1	2	1	\N	13	5	11	3	0.1530987634	0.6823912530	0.2195839147	0.1037113199	0.4166953997	0.2108021379	0.8786931255	0.6432147515	0.6569298139	0.1346225948	0.9846679563	\N	1	4	4	1	\N
131	Ljuba Simić	2	11	37	\N	1	5	3	4	1	1	0	\N	18	9	3	10	0.3972784210	0.5248344031	0.3031779042	0.4412242086	0.4094482819	0.3898961411	0.4699313324	0.0631040826	0.5345697533	0.3604429242	0.7437923873	\N	2	4	4	1	\N
132	Macario Patalano	2	1	65	\N	3	2	1	4	2	1	1	25	3	22	8	10	0.9116141055	0.9256854175	0.0241976618	0.8148855513	0.2254760220	0.8077922223	0.4119139906	0.4267809169	0.5166284869	0.5404886192	0.5745718062	\N	2	5	5	1	\N
133	Marisa Mendolia	1	1	9	\N	3	5	3	4	1	0	1	23	13	22	15	4	0.7727917186	0.0859408906	0.3070116215	0.3048347267	0.3027127533	0.8736170080	0.0223426371	0.8900263808	0.5688361687	0.5299754812	0.2814127392	\N	2	4	4	2	\N
134	Mila Despotović 	1	11	20	Iena (mean girl)	1	6	5	4	1	0	1	\N	30	24	12	3	0.1797710105	0.2537107395	0.8664940823	0.9696864083	0.2062696397	0.3094717751	0.1609173331	0.6596687373	0.9528899362	0.1069016282	0.5672662639	\N	2	4	4	3	\N
135	Orso Melchiorre	2	1	30	\N	3	6	2	4	2	1	2	\N	27	6	6	10	0.3720881093	0.4239697791	0.7103076417	0.0361129451	0.3414846431	0.9631844698	0.5280975612	0.8054649574	0.5835223244	0.7320379438	0.3588085722	\N	2	5	5	1	\N
136	Orsola DAlto	1	1	59	Manello (mãozinha)	3	5	2	4	0	2	0	\N	18	6	11	5	0.0306056060	0.8768739243	0.3820524262	0.0330969456	0.3653310963	0.0625344489	0.9040243137	0.0582801116	0.0497500550	0.0503329377	0.2890120714	\N	2	3	3	1	\N
104	Anica Hagi	1	5	24	\N	1	6	4	4	1	0	1	\N	22	11	13	2	0.4652852533	0.3288946013	0.6814594624	0.8503515585	0.4387223349	0.3854943975	0.1078888367	0.7321765701	0.5221759238	0.5413676254	0.8345224974	\N	2	4	4	1	\N
107	Aziza Achtouk	1	4	27	\N	2	6	5	4	2	2	1	\N	30	3	2	6	0.5043460021	0.3692237641	0.7731488052	0.9428564624	0.3058438029	0.8280917217	0.8562416661	0.2085799840	0.7704935047	0.0669137489	0.8978251746	\N	2	5	5	2	\N
108	Bastian Puchner	2	3	44	\N	1	4	3	4	0	1	0	\N	13	7	3	5	0.5500245209	0.6361293429	0.1643632287	0.3450304595	0.3941829193	0.1518047826	0.7140789932	0.0512283388	0.1751275827	0.2990555989	0.9752312664	\N	3	3	3	2	\N
123	Erminia Manera	1	1	19	\N	3	5	4	4	1	1	0	21	3	4	1	1	0.9741721502	0.2497058835	0.3544238738	0.8677600102	0.4213890908	0.7273686818	0.5016047301	0.0106981699	0.7059279979	0.9953997202	0.9468416485	\N	2	4	4	3	\N
142	Settimio Quercia	2	1	36	\N	3	6	5	4	1	0	1	30	8	28	15	3	0.3729024303	0.5113389910	0.9017885652	0.9847616611	0.2437861045	0.6323793278	0.1356967237	0.2459227775	0.0000702296	0.2106376820	0.3047447964	\N	2	4	4	1	\N
137	Paul Babes	2	5	53	\N	1	3	3	4	0	2	1	\N	8	1	4	4	0.9938608809	0.7901750217	0.0842317301	0.3652007694	0.3848047698	0.0959972378	0.8872195753	0.5978735835	0.5594135163	0.2099431573	0.7023443194	\N	3	3	3	2	\N
141	Saturniano Mendolia	2	1	46	\N	3	4	4	4	1	1	1	23	13	10	3	5	0.5733979651	0.6804321316	0.2017877774	0.6145709538	0.3031866255	0.6355712319	0.7185151622	0.4892673321	0.8165824653	0.5167515093	0.9813687533	\N	3	4	4	2	\N
143	Stefania Mocanu	1	5	17	\N	1	2	2	4	1	2	1	24	3	25	3	9	0.5132876530	0.2124708832	0.0320936154	0.0829841076	0.4448193326	0.3849018786	0.9278606834	0.4105945363	0.2898605134	0.3569325717	0.4063637434	\N	2	4	4	2	\N
144	Zvezdan Trkulja	2	11	41	\N	1	6	4	4	1	0	1	\N	30	7	2	10	0.2839851815	0.5906388229	0.9202798588	0.6004250963	0.3433250789	0.5162893307	0.1063057845	0.6924449482	0.4178257585	0.5229873953	0.8386145085	\N	2	4	4	1	\N
145	Adelchi Fazzone	2	1	52	\N	3	6	2	3	1	0	0	\N	33	31	2	4	0.3911909481	0.7798786206	0.7744483768	0.0571114060	0.8822983227	0.7478202843	0.0238717636	0.0130496810	0.8849269366	0.3035727702	0.4718573286	\N	1	4	4	1	\N
146	Alcibiade Cocchi	2	1	39	\N	3	4	2	3	1	1	2	\N	38	15	6	3	0.3492905455	0.5707115721	0.2278335941	0.1331361337	0.8859183067	0.7660758314	0.3551765883	0.9456963172	0.3666291916	0.0312480132	0.9103226869	\N	0	4	4	2	\N
147	Cleo Castagno	1	1	35	\N	3	6	4	3	2	2	2	\N	33	5	14	3	0.7772754784	0.4996691492	0.6018449843	0.7156416947	0.8733101800	0.9734152396	0.9626624357	0.8514453578	0.9222869275	0.2758259747	0.7304499887	\N	2	5	5	3	\N
148	Cleo Roberti	1	1	27	\N	3	6	4	3	0	1	0	32	33	24	10	4	0.9647849230	0.3748310403	0.8211120461	0.7084380298	0.9103794584	0.0386958890	0.3814932092	0.0481313130	0.0447449234	0.5269445640	0.5135633460	\N	1	3	3	1	\N
149	Emilia Roberti	1	1	31	\N	3	3	2	3	1	0	1	32	33	23	7	4	0.7887975262	0.4401940690	0.0893652681	0.1141468226	0.8757613427	0.4427579355	0.0966059765	0.3843725058	0.3386360708	0.1093390689	0.0659454895	\N	2	4	4	1	\N
150	Fabio Ferrin	2	1	27	\N	3	2	3	3	1	1	1	11	31	21	8	4	0.8940416002	0.3766239084	0.0464766735	0.5758340635	0.8914766901	0.5999884220	0.3811673127	0.4549352435	0.7812241708	0.6234672367	0.7534379921	\N	3	4	4	1	\N
151	Giustiniano Gennari	2	1	52	\N	3	5	2	3	1	2	1	13	32	25	6	5	0.4990291684	0.7732728333	0.3809690783	0.2088723577	0.8421832651	0.2506545208	0.8168485794	0.3464687456	0.1465039090	0.0704691681	0.0633351187	\N	2	4	4	2	\N
153	Gwenaëlle Blanc	1	9	30	\N	1	4	2	3	0	1	1	\N	32	23	3	3	0.3449903753	0.4222685421	0.1919431844	0.1079144211	0.8209315904	0.0311007407	0.2698255286	0.3551735612	0.3371892934	0.1031769533	0.0999188574	\N	3	3	3	1	\N
154	Hayyan Daoud	2	4	28	Topolino (Rato pequeno)	2	6	4	3	1	1	1	\N	31	4	13	9	0.1421284615	0.3853471414	0.4052113549	0.7614749625	0.8359795702	0.2742751952	0.7487516940	0.3447247761	0.3026648460	0.5491879268	0.8212242803	\N	3	4	4	2	\N
155	Hristiyana Stefanova Antonova Gennari	1	8	11	Galletta (flirty)	1	6	4	3	0	0	1	13	32	15	3	7	0.1474220301	0.1220144929	0.4672632214	0.8227413785	0.8278536925	0.0590746241	0.3888216753	0.6731352889	0.8095544147	0.3280357374	0.2227491372	\N	2	3	3	1	\N
156	Irmina Bosso	1	1	34	\N	3	5	2	3	1	2	1	\N	33	35	3	6	0.6693204403	0.4850649275	0.2647009898	0.1467263465	0.8576124817	0.4480253702	0.8218466002	0.3645603621	0.5755932618	0.6660455991	0.0974353635	\N	2	4	4	1	\N
157	Johannes Auer	2	3	22	\N	1	6	4	3	1	1	1	\N	37	34	7	6	0.2541459002	0.2904224343	0.9627627053	0.8910432689	0.8696661545	0.2034821400	0.5600405905	0.6528706845	0.8695716959	0.0396609083	0.3947054113	\N	3	4	4	1	\N
158	Jost Tanner	2	12	26	\N	1	6	3	3	1	1	2	\N	34	17	1	10	0.9084745238	0.3487679222	0.6346684856	0.5019414851	0.8333613414	0.5024392357	0.5855196212	0.8241337603	0.4295843293	0.6015542508	0.6714163984	\N	3	4	4	1	\N
159	Luminosa Corsino	1	1	58	\N	3	6	3	3	1	1	1	\N	34	24	14	6	0.8491882186	0.8619028991	0.5318914224	0.3392678221	0.9122752800	0.5572260976	0.6740404802	0.5850571394	0.3569332177	0.3789070314	0.2639619692	\N	2	4	4	1	\N
160	Lumturesha Simaku	1	2	18	\N	3	6	3	3	1	1	1	\N	33	10	4	10	0.5594382159	0.2245435059	0.4499835075	0.4472142371	0.8393723268	0.7444045683	0.6982390979	0.2669207676	0.3093672105	0.4949304190	0.8335235709	\N	1	4	4	1	\N
161	Pancario Barbato	2	1	45	Barba	3	6	4	3	0	0	1	\N	31	19	1	3	0.1206228094	0.6623633290	0.4425111445	0.8284875198	0.8485944671	0.1352735319	0.1917269851	0.5894763560	0.9470072465	0.2457017468	0.5302056003	\N	1	3	3	1	\N
162	Pia Zampella	1	1	40	\N	3	6	3	3	0	2	1	\N	32	2	14	3	0.2103744534	0.5763217347	0.5480396282	0.5285927638	0.9044833535	0.1621166051	0.9519161496	0.4003801780	0.7189784842	0.7848255730	0.1834536260	\N	3	3	3	2	\N
163	Vitalico Ferrin	2	1	27	Vito	3	6	4	3	1	0	2	11	31	16	12	10	0.0903537444	0.3658491583	0.4978137244	0.6426016640	0.8373866547	0.4495809696	0.1550789672	0.8735741378	0.1518380953	0.3777499200	0.8286248933	\N	1	4	4	1	\N
164	Zoilo Ferrin	2	1	6	Viola (violeta)	3	6	3	3	1	0	0	11	31	6	1	1	0.1267336705	0.0637849269	0.5675869173	0.3907816887	0.9071123982	0.5043716134	0.2596514010	0.2822766387	0.8715060275	0.8222238621	0.6853770065	\N	1	4	4	2	\N
165	Andreea Ardelean	1	5	33	\N	1	4	4	2	1	1	1	1	9	11	6	3	0.8185708499	0.4690376644	0.1760068348	0.8358093231	0.9917454480	0.2914897831	0.2589121398	0.5730340464	0.6382566886	0.9285436312	0.7982511926	\N	1	4	4	1	\N
166	Auro Civitello	2	1	54	\N	3	5	2	2	1	1	2	7	4	15	3	4	0.4096177116	0.7976628230	0.2757849003	0.1569130733	0.9674667881	0.5018962298	0.7903890886	0.9872550786	0.9017767266	0.1939266908	0.9508026928	\N	2	4	4	1	\N
167	Averardo Civitello	2	1	1	\N	3	6	5	2	1	0	0	7	4	15	2	6	0.8764980958	0.0098492659	0.4836145181	0.9423625089	0.9297966309	0.9605629484	0.4762504579	0.3007071970	0.8647229367	0.3215267111	0.7834767579	\N	2	4	4	1	\N
168	Chonz Engeler	2	12	62	\N	1	6	1	2	2	1	1	\N	14	14	5	10	0.3374539613	0.9111513103	0.7365872005	0.5415059742	0.9463261887	0.9736616702	0.2032344480	0.3404617640	0.0070774804	0.0014203826	0.4802311097	\N	3	5	5	1	\N
22	Eva Gálvez	1	7	35	\N	3	6	4	5	1	0	1	\N	28	34	3	9	0.3751694498	0.4990240716	0.7666354676	0.7728648477	0.1324641124	0.6475670457	0.1150423474	0.6493341499	0.2499346504	0.0079324673	0.2317883465	\N	2	4	4	2	\N
138	Riccardo Monti	2	1	67	\N	3	6	1	4	1	2	0	\N	22	21	8	9	0.3365199531	0.9340995322	0.6769722674	0.4444291190	0.2608543006	0.7918530692	0.9742490048	0.1471096765	0.6989157014	0.2494032828	0.9939240037	\N	2	4	4	1	\N
139	Rolando Ragucci	2	1	6	\N	3	6	4	4	1	1	0	31	27	2	15	1	0.7224392208	0.0648331088	0.8840694432	0.7093034707	0.2613958475	0.8420677910	0.7653499680	0.0860962344	0.3448965950	0.3503826883	0.0687873892	\N	2	4	4	1	\N
140	Roxanni Galaniadis	1	10	9	\N	1	4	3	4	1	1	1	12	8	28	16	6	0.9334973790	0.0890161338	0.1500638238	0.4645165639	0.4061970632	0.8753167109	0.6048108986	0.8899996368	0.0397713182	0.5446674313	0.6651906021	\N	2	4	4	3	\N
187	Gherardo Giusto	2	1	14	\N	3	6	4	1	0	1	1	15	20	11	16	5	0.9447748602	0.1698036539	0.9924495529	0.6491676301	0.7185958782	0.3451928155	0.5908732961	0.6005674821	0.0142622362	0.3682132005	0.6019574093	\N	1	3	3	1	\N
192	Palladio Anastasio	2	1	61	\N	3	6	1	1	2	1	2	\N	24	32	5	8	0.3062237033	0.9052317972	0.7408597965	0.4956707805	0.7161681015	0.8785686089	0.4492749155	0.8230150440	0.4756348476	0.3557307402	0.1926499206	\N	3	5	5	2	\N
193	Pollione Strollo	2	1	60	\N	3	6	1	2	1	1	1	\N	14	3	3	7	0.4063906824	0.8960770837	0.5351915553	0.2260161344	0.9626767114	0.2913724782	0.7063605923	0.3907104491	0.5448294568	0.8336568320	0.1499260702	\N	3	4	4	1	\N
194	Postumio Amore	2	1	41	\N	3	6	3	1	1	1	0	\N	15	30	15	10	0.8211092906	0.5969063111	0.7188625559	0.3838335396	0.7183916078	0.6827228353	0.6684885951	0.0425665736	0.5949286912	0.1200853139	0.9158206222	\N	2	4	4	1	\N
197	Sico Valentin	2	1	21	\N	3	4	3	1	0	1	2	\N	5	13	13	2	0.5427533389	0.2834877019	0.1356238172	0.4980739421	0.7243751047	0.1663206618	0.7288248312	0.8933342882	0.5224818582	0.7895645639	0.3733161791	\N	1	3	3	2	\N
182	Albino Rampone	2	1	53	\N	3	6	2	1	1	1	1	\N	15	4	4	2	0.2369065969	0.7918820396	0.7316783952	0.2878211185	0.7080488586	0.3919974571	0.4308881025	0.3825920406	0.9648542080	0.3932142660	0.5175880211	\N	3	4	4	1	\N
188	Grimaldo Salvia	2	1	46	\N	3	6	4	5	0	1	0	\N	28	31	4	10	0.8357597810	0.6731437683	0.6337001793	0.7441316441	0.1855445851	0.0994188978	0.5969374861	0.0158613519	0.7378870641	0.5438226037	0.3038492550	\N	2	3	3	1	\N
189	Marinetta Carangelo	1	1	24	Netta	3	6	3	1	1	1	1	\N	10	26	5	8	0.1556478149	0.3255380692	0.5107949486	0.3112348434	0.7080488586	0.5899208970	0.7359363022	0.7848037746	0.7102250058	0.5407295884	0.7549656687	\N	1	4	4	1	\N
198	Sofia Bachmann	1	3	64	\N	1	6	1	1	2	1	1	\N	20	24	2	9	0.5648654069	0.9209221592	0.5647074514	0.6523895403	0.7789221938	0.8510747257	0.2830572222	0.3831242502	0.2994392340	0.4026212869	0.5652409137	\N	1	5	5	3	\N
199	Venerando Celenza	2	1	54	\N	3	6	4	1	2	1	1	\N	5	20	10	5	0.6477188350	0.8046879990	0.4170909557	0.8376084001	0.7067870334	0.9733218486	0.2432831424	0.5913397869	0.7037203836	0.6322261319	0.8471801131	\N	1	5	5	2	\N
174	Oreste Bucciarelli	2	1	14	\N	3	6	3	2	0	1	0	5	9	10	1	5	0.7303406924	0.1573522559	0.8083184023	0.4493818147	0.9564633541	0.1726915237	0.6916518609	0.1490281738	0.3299909380	0.9765669587	0.1233601630	\N	3	3	3	1	\N
175	Pia Rätz	1	12	53	\N	1	6	3	2	1	2	0	\N	19	28	5	4	0.5355216243	0.7831271003	0.7459417957	0.3420354716	0.9661686279	0.3577758066	0.8702360346	0.1871344361	0.0952027189	0.3540295030	0.9324481308	\N	3	4	4	1	\N
176	Rifky Daoud	2	4	69	\N	2	6	1	2	1	1	2	\N	23	18	10	8	0.3701534611	0.9425529053	0.5498020001	0.0481764880	0.9920722027	0.7856824774	0.5276004983	0.8959254590	0.9774304360	0.7823270844	0.6558762711	\N	3	4	4	1	\N
177	Shaithis Ardelean	2	5	14	\N	1	6	3	2	0	0	0	1	9	5	8	6	0.5688582572	0.1606533373	0.7600119046	0.4768439547	0.9379926170	0.0096854605	0.1867480656	0.3208555697	0.8044376016	0.0535020321	0.7286423097	\N	3	3	3	1	\N
178	Verdiana Petrecca	1	1	45	\N	3	5	2	2	1	2	1	\N	14	3	3	3	0.9677140533	0.6527598954	0.3885081543	0.1684587276	0.9501000846	0.6295038004	0.9897992451	0.5794449935	0.7931275761	0.5173595344	0.1764468796	\N	3	4	4	1	\N
179	Virginia Lo Bianco	1	1	77	\N	3	6	1	2	1	1	2	\N	9	31	7	2	0.3490039625	0.9834869110	0.6837757054	0.7818832287	0.9200117902	0.7365234230	0.2721656463	0.9296436069	0.6766172258	0.6944654999	0.4626493750	\N	3	4	4	1	\N
180	Zita Tavani	1	1	54	\N	3	6	2	2	1	0	1	\N	14	4	15	4	0.7121151711	0.8056581231	0.4655967180	0.1079283912	0.9387764752	0.3483929155	0.0458273909	0.7118735251	0.2661091430	0.6791032375	0.8032288507	\N	3	4	4	2	\N
181	Adelasia Cucci	1	1	36	\N	3	6	2	1	0	1	0	\N	24	16	12	9	0.7743451535	0.5135760126	0.6409316262	0.1340832431	0.7243751047	0.1012097367	0.3303953898	0.1422696868	0.2623727253	0.1711609435	0.2028404495	\N	3	3	3	1	\N
183	Boris Epifano	2	1	27	\N	3	6	2	1	0	1	2	\N	20	3	1	3	0.7544832499	0.3704911880	0.7537866863	0.0447792115	0.7275845420	0.1777806276	0.4753473292	0.9779516123	0.7799397781	0.8735213842	0.4765324376	\N	1	3	3	3	\N
184	Clodoveo Dattoli	2	1	48	\N	3	4	5	1	0	0	0	\N	15	9	4	3	0.6017579010	0.7008702166	0.1006057201	0.9651341384	0.7185958782	0.1502305492	0.1392097213	0.0409961790	0.5336224997	0.6870917449	0.8521076660	\N	1	3	3	1	\N
185	Edda Muratori	1	1	36	\N	3	6	3	1	1	1	2	\N	24	3	3	6	0.2645737435	0.5127122879	0.8329899526	0.5381654646	0.7982501663	0.7411744953	0.2089829887	0.8007804575	0.8226156919	0.5537751441	0.4303741777	\N	1	4	4	2	\N
186	Edda Villa	1	1	45	\N	3	6	5	1	2	1	2	\N	5	9	16	10	0.8819664434	0.6594985012	0.8507768262	0.9007126172	0.7183916078	0.9555676689	0.5132204407	0.8397733422	0.7862187600	0.6045043681	0.6475654136	\N	1	5	5	1	\N
190	Nostriano Felicetti	2	1	22	\N	3	4	5	1	0	1	2	\N	24	21	3	9	0.5341070185	0.2987499118	0.1013207254	0.9083484128	0.7982501663	0.0383695884	0.5508282779	0.8361430724	0.4992811560	0.6916378997	0.1871834993	\N	1	3	3	2	\N
191	Orchidea Valentin	1	1	6	\N	3	3	5	1	0	1	1	37	5	32	7	9	0.9525775458	0.0566180052	0.0967838468	0.9370928412	0.7067870334	0.4359684762	0.5094316057	0.7072763349	0.7485180074	0.3363062419	0.2598495147	\N	1	3	3	1	\N
195	Ritwan Khatibi	1	4	53	\N	2	6	3	1	2	1	1	\N	10	5	15	10	0.4256425233	0.7893121311	0.6483045977	0.3894134173	0.7765557368	0.9551841885	0.4044922259	0.2066219068	0.5032671160	0.6413954807	0.7866574409	\N	1	5	5	1	\N
196	Salvatore Poccia	2	1	32	\N	3	6	3	1	1	1	1	\N	10	35	3	5	0.2983976540	0.4551851791	0.6817602743	0.4382297740	0.7150935695	0.2244602990	0.6394742122	0.3778330460	0.0371593671	0.1163024588	0.5649724356	\N	1	4	4	2	\N
200	Zoe Capelli	1	1	25	\N	3	4	3	1	1	1	2	\N	10	9	13	1	0.9553612529	0.3329401183	0.1055278433	0.4799621693	0.7161681015	0.7908626271	0.2824714791	0.9350672541	0.8872486785	0.6838578900	0.8326193881	\N	1	4	4	2	\N
76	Marta Califano	1	1	53	\N	3	4	4	6	2	1	1	\N	26	5	11	1	0.8745602487	0.7956111254	0.1583948823	0.7744290117	0.6277516311	0.9495747449	0.7559656165	0.2082662657	0.5841851430	0.4949815736	0.5102350159	\N	2	5	5	1	\N
77	Maurilio Govoni	2	1	58	\N	3	6	2	6	1	2	1	3	12	14	7	1	0.2995897978	0.8724456902	0.4373946026	0.1220357824	0.5672214464	0.5478887411	0.8356880320	0.3377737263	0.1662418337	0.4153505738	0.0625719320	\N	2	4	4	1	\N
78	Minervina Arrighi	1	1	36	\N	3	6	4	6	2	1	1	\N	29	28	6	2	0.4875931393	0.5167543868	0.8445291675	0.8885569095	0.5579456462	0.8022478650	0.3598566585	0.6039701618	0.5268105660	0.1628682157	0.4509705013	\N	3	5	5	2	\N
169	Claudia Civitello	1	1	43	\N	3	4	4	2	1	1	1	7	4	17	13	3	0.8417662592	0.6348405000	0.2102791024	0.6792856748	0.9819177353	0.2140771218	0.7602188469	0.6197064240	0.7107433964	0.8776846345	0.1701960285	\N	2	4	4	1	\N
170	Emanuela Giusto	1	1	26	\N	3	4	4	1	1	1	2	\N	20	5	12	4	0.4146794184	0.3515232844	0.2360891789	0.6905544074	0.7150935695	0.5530349338	0.7724906682	0.8414622800	0.3982023801	0.7056353002	0.2794240112	\N	1	4	4	3	\N
171	Evaristo Masciantonio	2	1	20	Tonio	3	3	2	2	0	2	2	\N	19	3	12	10	0.1838491443	0.2527894578	0.0780692718	0.1635287721	0.9858062383	0.0507360949	0.8628767851	0.9554342183	0.9780346436	0.1863295802	0.8723637546	\N	3	3	3	2	\N
172	Giusto Bucciarelli	2	1	38	\N	3	6	4	2	1	1	1	5	9	16	7	1	0.4806077152	0.5425353944	0.5637399936	0.6248102944	0.9335115964	0.2875178493	0.5259320576	0.2868329944	0.2469221417	0.7193396281	0.5107876114	\N	3	4	4	1	\N
173	Jean-Michel Fouquet	2	9	46	Michel	1	6	2	2	1	2	1	\N	36	18	14	5	0.1579233811	0.6714237787	0.9910108791	0.2096035946	0.9873952838	0.2518282889	0.8878325819	0.3547965216	0.0986695201	0.2155901532	0.0986111944	\N	3	4	4	3	\N
62	Danio Attardo	2	1	33	\N	3	6	4	6	1	0	0	2	40	13	12	4	0.5640544979	0.4745856598	0.4205137390	0.6811859419	0.6784013954	0.5494149019	0.1812454071	0.0095435701	0.6572620064	0.7418908348	0.0803673527	\N	0	4	4	2	\N
64	Ennio Errante	2	1	43	\N	3	6	3	6	1	1	1	10	21	20	6	5	0.3063903338	0.6276788380	0.7090522714	0.4194759867	0.5537410830	0.3099403775	0.6226707032	0.3943350722	0.0199548481	0.1967389027	0.3118690509	\N	2	4	4	2	\N
65	Fiore Errante	1	1	45	\N	3	6	3	6	1	1	1	10	21	4	3	7	0.5703847211	0.6570810027	0.4199065308	0.4924685383	0.5150672268	0.7609662808	0.3503897719	0.3643976479	0.6818595849	0.7308341674	0.0042828812	\N	3	4	4	2	\N
70	Gonerio Pezzullo	2	1	25	Spalla (ombro)	3	2	4	6	1	1	1	\N	21	15	14	7	0.1487254558	0.3320941630	0.0453232026	0.7982671609	0.4663539580	0.2860215242	0.7031973252	0.5350285717	0.1842540328	0.5178507370	0.2885950360	\N	2	4	4	1	\N
72	Icaro Marasco	2	1	29	\N	3	4	2	6	1	2	2	\N	12	25	12	3	0.3215530259	0.4018595295	0.2250640698	0.1356033584	0.6294484185	0.2264952405	0.9775385816	0.8499895165	0.7103617855	0.6471944439	0.4454332508	\N	2	4	4	2	\N
\.


